                                  J matrix                                       K matrix
~~~~~~~~~~~~~~~~~~~~~~~~~~~~~~~~~~~~~~~~~~~~~~~~~~~~~~~~~~~~~~~~~~~~~~~~~~~~~     ~~~~~~~~~~
     0.000    804.734   1349.420      1.000      0.000      0.000   -185.166         -6.391
  -804.734      0.000   -185.169      0.000      1.000      0.000  -1349.397         -0.038
 -1349.420    185.169     -0.000      0.000      0.000      1.000    804.720         -0.002
     0.000    901.742   1478.398      1.000      0.000      0.000    786.759         -6.394
  -901.742      0.000    786.772      0.000      1.000      0.000  -1478.373         -0.003
 -1478.398   -786.772     -0.000      0.000      0.000      1.000    901.727          0.041
     0.000    834.496   1823.825      1.000      0.000      0.000  -1504.855         -6.359
  -834.496      0.000  -1504.880      0.000      1.000      0.000  -1823.794          0.051
 -1823.825   1504.880     -0.000      0.000      0.000      1.000    834.482         -0.023
     0.000    925.941   1974.685      1.000      0.000      0.000     25.606         -6.431
  -925.941      0.000     25.606      0.000      1.000      0.000  -1974.652         -0.010
 -1974.685    -25.606     -0.000      0.000      0.000      1.000    925.925          0.018
     0.000    865.395   1738.957      1.000      0.000      0.000    909.604         -6.372
  -865.395      0.000    909.619      0.000      1.000      0.000  -1738.928         -0.001
 -1738.957   -909.619     -0.000      0.000      0.000      1.000    865.380         -0.034

X matrix
~~~~~~~~
0.0000214291
-0.0000107799
-0.0000191496
-6.3507119589
-0.0032455427
0.0478700426
-0.0000130923

                                  J matrix                                       K matrix
~~~~~~~~~~~~~~~~~~~~~~~~~~~~~~~~~~~~~~~~~~~~~~~~~~~~~~~~~~~~~~~~~~~~~~~~~~~~~     ~~~~~~~~~~
     0.000    804.721   1349.398      1.000      0.000      0.000   -185.200         -0.009
  -804.692     -0.004   -185.192      0.000      1.000      0.000  -1349.410         -0.039
 -1349.416    185.201      0.011      0.000      0.000      1.000    804.689         -0.008
     0.000    901.739   1478.394      1.000      0.000      0.000    786.721          0.005
  -901.707      0.017    786.733      0.000      1.000      0.000  -1478.407          0.016
 -1478.413   -786.724      0.033      0.000      0.000      1.000    901.704          0.028
     0.000    834.469   1823.773      1.000      0.000      0.000  -1504.899          0.016
  -834.430     -0.032  -1504.895      0.000      1.000      0.000  -1823.783          0.020
 -1823.791   1504.904     -0.013      0.000      0.000      1.000    834.427         -0.005
     0.000    925.929   1974.660      1.000      0.000      0.000     25.558         -0.032
  -925.887      0.001     25.568      0.000      1.000      0.000  -1974.672         -0.012
 -1974.680    -25.558      0.022      0.000      0.000      1.000    925.883          0.024
     0.000    865.393   1738.952      1.000      0.000      0.000    909.561          0.033
  -865.356      0.019    909.574      0.000      1.000      0.000  -1738.964          0.016
 -1738.971   -909.564      0.038      0.000      0.000      1.000    865.353         -0.043

X matrix
~~~~~~~~
0.0000000009
-0.0000000004
-0.0000000000
-0.0000000962
0.0000002954
0.0000013515
0.0000000003


INVERSE MATRIX
~~~~~~~~~~~~~~
  4.60922532333122E-0009   3.30122483735982E-0010   9.70881271557864E-0011 -4.49123594174834E-0007   3.96987370813195E-0006   7.62029029970966E-0006 -7.29321231410646E-0012 
  3.30122483735982E-0010   3.21863633354360E-0010   4.51100401563305E-0012 -2.86719451980505E-0007   2.84316657086237E-0007   5.71296825243638E-0007 -5.53139486609496E-0013 
  9.70881271557864E-0011   4.51100401563305E-0012   2.52319974655299E-0010 -4.26860716311096E-0007   7.77962420133735E-0008   1.61349793810545E-0007 -1.36577022060735E-0012 
-4.49123594174834E-0007 -2.86719451980505E-0007 -4.26860716311096E-0007   1.16415118348308E-0003 -3.72686032124716E-0004 -7.68329301415611E-0004   5.39324539585563E-0009 
  3.96987370813195E-0006   2.84316657086237E-0007   7.77962420133735E-0008 -3.72686032124716E-0004   4.37862567579575E-0003   6.16959684140860E-0003   4.47900497332896E-0007 
  7.62029029970966E-0006   5.71296825243638E-0007   1.61349793810545E-0007 -7.68329301415611E-0004   6.16959684140860E-0003   1.30244782686495E-0002 -2.48801019778590E-0007 
-7.29321231410646E-0012 -5.53139486609496E-0013 -1.36577022060735E-0012   5.39324539585563E-0009   4.47900497332896E-0007 -2.48801019778590E-0007   2.73140953029108E-0010 
