ITERATION: 1

                                        J matrix                                             K matrix
~~~~~~~~~~~~~~~~~~~~~~~~~~~~~~~~~~~~~~~~~~~~~~~~~~~~~~~~~~~~~~~~~~~~~~~~~~~~~~~~~~~~~~~~     ~~~~~~~~~~
     1.487      1.533      1.002      0.000      0.000      0.000   -426.543   -439.765         -0.002
     0.000      0.000      0.000      1.487      1.533      1.002   -227.752   -234.812          0.018
    10.707      6.021      1.014      0.000      0.000      0.000  -3212.024  -1806.231         -0.060
     0.000      0.000      0.000     10.707      6.021      1.014  -1745.142   -981.353         -0.014
     1.638     10.539      0.998      0.000      0.000      0.000   -477.538  -3072.425         -0.045
     0.000      0.000      0.000      1.638     10.539      0.998   -268.854  -1729.776         -0.018
     6.045     10.522      1.005      0.000      0.000      0.000  -1793.545  -3121.854          0.102
     0.000      0.000      0.000      6.045     10.522      1.005  -1004.648  -1748.695          0.010
    10.723     10.515      1.012      0.000      0.000      0.000  -3240.633  -3177.908         -0.037
     0.000      0.000      0.000     10.723     10.515      1.012  -1805.880  -1770.926         -0.004
    10.639      5.992      1.014      0.000      0.000      0.000  -3190.642  -1796.979          0.045
     0.000      0.000      0.000     10.639      5.992      1.014  -1733.355   -976.231          0.053
    10.555      1.580      1.016      0.000      0.000      0.000  -3141.674   -470.193          0.011
     0.000      0.000      0.000     10.555      1.580      1.016  -1663.198   -248.919         -0.045

X matrix
~~~~~~~~
0.0041159946
0.0169024335
-0.0025368664
0.0021662873
0.0096969569
-0.0030309100
0.0000126145
0.0000568093

ITERATION: 2

                                        J matrix                                             K matrix
~~~~~~~~~~~~~~~~~~~~~~~~~~~~~~~~~~~~~~~~~~~~~~~~~~~~~~~~~~~~~~~~~~~~~~~~~~~~~~~~~~~~~~~~     ~~~~~~~~~~
     1.486      1.532      1.002      0.000      0.000      0.000   -426.497   -439.717         -0.001
     0.000      0.000      0.000      1.486      1.532      1.002   -227.726   -234.785          0.019
    10.702      6.018      1.014      0.000      0.000      0.000  -3210.494  -1805.371         -0.060
     0.000      0.000      0.000     10.702      6.018      1.014  -1744.317   -980.889         -0.015
     1.637     10.533      0.998      0.000      0.000      0.000   -477.246  -3070.542         -0.046
     0.000      0.000      0.000      1.637     10.533      0.998   -268.690  -1728.717         -0.019
     6.041     10.515      1.004      0.000      0.000      0.000  -1792.339  -3119.754          0.102
     0.000      0.000      0.000      6.041     10.515      1.004  -1003.971  -1747.518          0.010
    10.715     10.508      1.012      0.000      0.000      0.000  -3238.238  -3175.559         -0.035
     0.000      0.000      0.000     10.715     10.508      1.012  -1804.545  -1769.616         -0.002
    10.634      5.989      1.014      0.000      0.000      0.000  -3189.130  -1796.128          0.044
     0.000      0.000      0.000     10.634      5.989      1.014  -1732.541   -975.772          0.052
    10.553      1.579      1.016      0.000      0.000      0.000  -3140.987   -470.090          0.010
     0.000      0.000      0.000     10.553      1.579      1.016  -1662.828   -248.864         -0.045

X matrix
~~~~~~~~
-0.0002374344
0.0001542831
0.0000042336
-0.0001309795
0.0000832785
0.0000266211
-0.0000007978
0.0000005250


INVERSE MATRIX
~~~~~~~~~~~~~~
 0.0905203733 -0.0554382169 -0.0021479437  0.0495726512 -0.0297293706 -0.0088824057  0.0003036411 -0.0001884889 
-0.0554382169  0.0969458494 -0.0079681160 -0.0306949956  0.0538502886 -0.0021505688 -0.0001903814  0.0003273646 
-0.0021479437 -0.0079681160  0.0036995629 -0.0010490920 -0.0044612623  0.0012867865 -0.0000060856 -0.0000262665 
 0.0495726512 -0.0306949956 -0.0010490920  0.0271751326 -0.0164698490 -0.0049628526  0.0001663499 -0.0001043540 
-0.0297293706  0.0538502886 -0.0044612623 -0.0164698490  0.0299610108 -0.0015365372 -0.0001022274  0.0001818659 
-0.0088824057 -0.0021505688  0.0012867865 -0.0049628526 -0.0015365372  0.0041466181 -0.0000292744 -0.0000070503 
 0.0003036411 -0.0001903814 -0.0000060856  0.0001663499 -0.0001022274 -0.0000292744  0.0000010191 -0.0000006472 
-0.0001884889  0.0003273646 -0.0000262665 -0.0001043540  0.0001818659 -0.0000070503 -0.0000006472  0.0000011058 
